38
68
7685
8300
8422
8423
8475
8478
8565
8602
8623
8698
8699
8700
8701
8704
8710
8712
8714
8768
8972
9095
9277
10526
12212
13031
13137
13138
13337
13905
14167
14328
14578
15508
15716
16429
16458
16696
16737
16744
16807
16819
16948
17047
17133
17303
17390
17887
17988
18076
18231
18365
19104
19398
19601
19602
20811
20910
21113
21121
21411
21450
21522
21953
22027
22060
22338
22562
22886
22899
23144
23538
23785
24140
24141
24142
24143
24375
24760
24823
24896
25061
25591
25777
26805
26824
26826
26828
26830
26831
26832
26833
26835
27068
27069
27562
27587
28011
28135
28330
28870
29038
29113
29442
29527
29586
29637
29856
29861
29862
30049
30304
30900
31112
31113
31587
32010
32445
32586
32646
32789
32956
33451
33573
33999
34527
34988
35225
35323
35606
36129
36302
36303
36752
36753
36754
36932
37078
37127
38248
38667
38759
39309
39433
39520
39907
40529
40532
41530
42226
42680
42828
43666
43757
43875
43884
45708
45709
47289
47290
47410
47620
47781
48493
48494
49010
49474
49650
49679
49680
49681
49682
49683
51393
51939
52045
52078
52088
52334
52655
52828
52829
52875
52930
53065
53247
54346
56903
57295
57438
57720
57732
57784
58355
58356
58358
58389
58520
58737
60464
60996
61181
61300
61877
61878
61987
62162
63225
63256
63596
64504
64529
64703
64704
64922
65392
65885
67745
67770
67831
67943
68368
68369
68690
69723
69724
70547
70548
70686
70741
71110
71173
71195
71334
72290
72411
72500
72527
72586
72623
72625
72836
73017
73071
73265
73478
73721
73786
74249
74420
74424
74431
74436
74451
74453
74454
74455
74459
74658
74888
75128
81
84
86
92
95
8235
12822
38241
42323
42426
42427
42428
52893
62355
67916
8650
8651
8652
8656
10528
10529
10918
10954
10955
10956
10957
10958
10959
10960
10962
10963
10965
10966
10967
10970
10971
10972
10974
11636
12091
12157
12158
12180
13616
13878
13889
13890
17048
17486
19603
19604
21736
22061
22062
23622
25375
25886
25943
26056
26379
26412
26427
26517
27270
28298
28601
29012
29330
30226
32159
32162
32991
33239
33298
33513
33851
36558
37162
37747
37960
37988
38217
38930
38931
39117
40371
40556
41800
41801
44849
45347
47475
47882
51346
53504
53505
53656
54796
54980
55850
56185
56219
56490
56611
57947
57949
58513
58937
59041
61692
61693
62502
62508
62839
62840
62841
63355
65014
65899
66983
67899
68944
70554
73501
74368
74370
142
143
145
146
152
154
158
163
11811
12834
16949
19605
21499
26306
29825
32087
32221
33830
35413
35587
36320
36719
40469
40555
42287
42314
43158
44793
45029
45113
47418
48181
49262
50436
50709
50710
50711
51712
52989
53483
53780
53820
54895
55293
57655
60066
62705
63232
66827
67553
67848
67983
72584
7425
7426
7427
12775
13188
30287
49515
49517
49518
49519
49521
52586
54090
61704
73304
7076
12148
20607
20609
207
210
67522
67523
67524
67525
67526
17753
19610
19611
32414
32645
14580
14581
16920
22415
28284
28285
28287
28288
31154
36641
16724
23786
23787
25063
42385
71355
21608
34522
63370
36244
36246
36247
36248
36249
36250
43021
6686
8252
9352
11416
12707
15384
25562
25585
29624
32691
34083
11720
25361
25362
25363
25364
27050
45397
53857
53858
59220
64052
66285
75317
17488
272
22800
40693
58401
275
276
277
278
279
280
281
283
286
287
288
289
292
296
297
298
6687
8529
12497
12823
12824
13949
14352
16820
17304
19615
19616
20475
20476
22801
23404
24032
25209
25464
25587
25590
26075
26076
26080
26549
26550
27272
27273
27276
27778
29067
29068
29081
29295
29364
29365
29635
30289
30453
30454
30480
30494
30523
30620
30621
30809
30897
30929
30975
31013
31073
31074
31194
31384
31688
31734
31735
31736
31737
31756
31899
31900
32200
32529
32530
32550
32551
33175
33176
33483
33537
33538
33769
36116
36117
36576
36577
36766
36796
37477
37744
37745
38221
38222
38601
38880
38881
39275
39276
39694
39695
39835
39837
39838
39839
39889
39890
39969
39970
40079
40080
40081
40082
40149
40150
40257
40258
40334
40971
40972
41841
42266
42267
42677
42678
43795
44010
47393
47414
47415
48104
48105
48138
49609
50068
51162
51163
51635
51781
52137
52138
52504
52505
52508
53319
53320
58020
58021
58328
58329
58751
58752
64383
65884
12257
15022
15386
17392
19617
23027
321
322
325
15681
19618
25005
27277
40148
336
8092
9219
18867
31241
341
342
344
345
346
350
353
14925
15221
19319
19619
20477
21523
27278
28512
30357
34275
40033
46077
37455
52027
52071
11308
13070
29072
38885
384
20805
429
14557
31078
44128
44130
44131
44132
44133
44134
44135
44136
44138
44139
44140
44141
44142
44144
44146
44147
44149
44150
44151
44152
44153
44155
44157
44158
44160
44161
44162
44488
46616
46622
46623
47611
47775
48123
50493
50934
53160
58253
61172
61329
61434
61502
72676
20569
20570
20571
20572
42024
54002
479
482
483
484
14151
19625
34965
37470
38894
9270
10998
11721
13343
36955
52007
37894
505
507
510
511
517
519
8047
17492
19105
19106
19626
24144
24200
25376
27280
27480
29098
37301
37554
46924
47419
54380
74388
527
13344
534
538
6896
19627
36386
67089
67195
11210
12965
51994
51995
66080
74859
14670
22389
24607
26567
26686
26910
26912
26916
27177
27563
27779
27944
27945
27946
567
571
572
8301
8302
11027
11722
13143
15176
15177
19566
19630
19631
29664
39259
46517
50293
50407
50532
50533
63378
63379
10625
10629
12166
13709
13796
13879
13882
13883
13906
13907
16311
19632
22784
27680
29505
30276
31797
35290
42230
45400
58990
63651
64204
589
591
592
593
594
596
19633
55802
599
601
605
609
9499
46491
619
621
623
625
626
628
630
635
3917
10108
11723
14838
19399
19635
25067
34659
38773
38816
39557
41165
46986
49658
51879
52050
52686
53306
56575
66270
75064
648
652
4113
7854
8218
11414
11415
19636
21904
30247
30711
38989
41962
43447
61258
5940
9890
13994
675
680
6269
12447
12706
16896
20960
33130
52617
685
9077
10947
690
33296
33297
709
710
711
712
713
42546
49052
717
718
720
721
722
727
730
8810
13351
19234
19641
19642
24519
25069
28825
28826
28903
32101
34064
34603
35234
42573
48950
48951
48952
48953
48971
55042
55043
63067
64396
64924
65068
65903
68278
73101
746
11669
11686
22043
28854
64888
766
767
768
769
770
776
780
781
8591
9339
12777
14257
14381
17049
18158
19644
19645
21854
25070
29376
31030
33140
43785
45142
45744
46150
48466
48823
48824
48924
49929
49930
51120
57852
61121
61933
63287
74746
22482
788
8770
8939
9035
22235
42213
43189
45362
56132
61360
61731
62683
62871
63193
70863
10748
10752
10753
15997
27640
29252
36881
37560
47401
71722
13355
21855
21866
57088
8568
17890
60624
19647
809
814
14473
18408
20613
21238
22622
27588
47397
47795
63411
63412
69377
69378
69380
70147
27522
819
821
823
19649
824
7140
9522
62024
6279
17184
55300
844
21500
23028
43751
43752
854
859
11094
13358
19650
35884
51537
69727
8354
19651
40473
40474
40476
40477
71945
40909
41166
874
7153
11039
13361
48090
881
882
886
887
19653
21985
12149
12150
12151
12153
19654
15534
897
26307
29940
7968
7980
8817
19655
21338
7141
7142
21792
21793
21796
15536
15537
15538
19656
12778
52892
912
23989
17284
9327
9328
37200
49924
949
952
956
963
9824
17220
19660
25944
26111
27282
29914
29915
44717
47528
52019
53769
57255
57256
68485
68513
965
13363
13364
24827
969
972
973
19661
57299
58963
31625
975
976
989
6549
6551
6552
19662
10291
18943
20386
20387
22095
28266
33167
33846
35030
35254
42847
46676
47551
50259
66816
70873
71340
73978
74379
74380
10200
10295
10511
10513
15476
15638
19663
20362
23006
34312
38852
8200
8202
8203
8205
8206
8207
8208
8209
8210
8212
8214
8216
9147
9148
9509
12258
12259
12260
17495
17781
19664
27283
27911
32418
47627
1038
1043
1045
1047
1048
3497
12306
15599
16093
19834
23788
25258
30122
1051
19666
1077
1078
1080
1083
19667
19668
73362
21451
21452
1085
19670
1088
7404
23990
23991
51644
51645
51646
20815
39436
51810
51811
51854
14674
14675
14676
18732
49599
13321
13323
25988
30061
32507
51943
1098
56289
56290
1107
9029
1113
1115
1117
1119
1121
1123
1125
1128
1131
1135
1145
1147
1157
1159
1165
1173
1174
1188
1192
1196
1202
1206
1218
4862
7458
9002
9065
9235
9870
11000
11029
11033
11223
11679
12627
12650
12726
13367
13628
13759
14354
14587
15178
15705
15779
15975
15977
16994
16996
17395
18473
18493
18495
18663
19672
19673
21175
21203
21502
21610
21612
21614
21616
21660
21677
21680
21739
22340
22342
22440
23046
23049
23330
23644
24159
24376
24898
25007
25074
25210
25333
25784
26309
26311
26429
26970
27285
27541
27682
27860
28169
29116
29164
29227
29230
29541
29658
29772
29852
29982
30435
31063
31239
31893
31927
32102
32709
32824
33479
33499
33939
34056
34452
34454
34456
34458
34881
35160
35168
35528
35830
36274
36329
36492
36494
36665
36875
36936
37022
37332
37610
38116
38723
39027
39271
39642
39755
40063
40065
40230
40239
40281
40342
40344
40346
40348
40405
40455
41271
41363
41681
41845
42149
42290
42375
44220
45359
45498
45594
46113
46114
46196
46236
46515
46805
47420
47915
48111
48392
48428
49045
49589
49750
50943
52063
52605
53471
55109
55405
55645
56312
57068
58388
58444
58715
60526
62231
63721
63987
64588
64616
64739
64811
64848
64960
65060
65065
65125
65384
65565
65874
65942
66591
66771
66902
67078
67814
68067
68121
68626
68829
69786
69900
70271
71470
71719
71829
72160
72228
72280
72731
73457
74015
74080
1219
1220
1222
1223
1224
1225
1227
1229
1231
1232
1233
1234
1235
1238
1240
1241
1242
1243
1248
1249
1250
1251
1254
1255
1258
1261
1262
1263
6458
6459
8355
8570
8571
8859
10208
10209
10210
11844
12062
12063
12064
12261
12262
12319
12397
12398
12437
12651
13131
13368
13369
13964
14589
14679
14927
15024
15062
15064
15345
15826
15894
16224
16226
16828
17496
17497
17993
18083
18278
18279
18496
18620
18667
19675
19676
20816
20930
21205
21633
21749
21763
21797
21986
21988
22085
22236
22639
22640
23030
23050
23235
23251
23252
23341
23410
23645
24060
24424
24727
25077
25759
25907
26390
26506
26522
26626
26636
26920
26940
27028
27286
27641
27761
27763
27764
28072
28323
28366
28371
28532
28804
29030
29300
29572
29573
29609
29667
29670
29672
29673
29745
30089
30154
30324
30702
30703
30720
30728
31284
31399
31988
31989
31990
32075
33068
33161
33541
34114
34481
34516
34633
34812
35145
35233
35389
35391
36000
36076
36151
36218
36311
37114
37978
38368
38369
38465
38737
38782
38864
38913
38966
38985
39195
39500
40445
40488
40766
40805
41052
41072
41460
41592
41951
42988
43760
43805
44405
44406
44548
44812
44990
45229
45343
45345
45346
45455
45544
45956
46039
46216
46262
46414
47105
47416
48165
48223
48676
48728
48774
49096
49371
50005
50410
50565
50783
50804
51201
51467
51944
52116
52211
52799
53208
53551
54901
55474
55605
56018
56543
56925
57126
57181
57605
57606
57733
57844
58220
58442
58537
59362
59700
60008
60258
60773
60952
61051
61334
61529
61981
62157
62453
62498
62684
62746
62816
63408
63621
63634
63966
64081
64151
64152
64498
65867
66333
66334
66607
66988
67804
68319
68341
68511
68730
69367
70019
70848
71600
71846
72239
72503
72811
73238
74133
74861
75004
75025
75419
1267
11887
13370
71555
8739
8740
8741
8742
11987
1310
1311
1312
17498
49313
50221
50222
50223
63796
1315
1318
1319
17499
19448
25465
28363
37746
43120
49094
52633
57941
57943
58218
61759
62499
63716
65069
68030
14394
18622
19679
21990
21991
22199
24201
24202
24253
24552
24680
25365
44503
10391
15641
17185
19680
44851
16566
16568
16570
16571
16572
16573
16575
16576
16578
32903
37017
43545
24776
52111
9306
9309
9310
15718
19682
33897
37044
56564
63894
74169
8150
8152
15065
1363
1364
15544
72867
8286
27218
11052
11053
12213
19684
36962
38993
56544
56545
1375
1376
1377
1378
1379
1380
1383
1385
1387
1389
1390
1395
1396
19685
25078
32456
44752
49180
9017
15545
15546
54867
59580
59581
59582
59583
59584
59585
59586
71398
12549
12551
15025
15067
19687
1412
1428
6332
6339
7614
9358
16167
21063
25946
43038
43242
43605
45026
54887
57278
58745
61863
73563
8303
8304
38291
7118
19690
1449
13226
13618
36027
48957
51351
73067
14500
1461
58769
74154
74155
74526
6558
15945
26605
41342
56236
35049
52148
60789
64259
1468
1469
24554
1475
20817
29677
1489
1491
1494
1498
12763
13146
18623
19694
22593
23052
32407
35315
35316
35317
45631
45632
59223
1501
1502
19695
20944
22839
25079
15548
61790
69795
1512
1513
1514
1516
1517
1519
7824
13667
14293
14510
16830
17891
18049
18050
18051
18859
28277
28278
28279
37141
37142
51703
51752
56941
57639
57640
57641
57642
57643
60654
61488
62117
62352
75474
11812
11814
11815
19033
22087
22200
22201
26430
52622
54036
55028
64972
64978
68714
1522
1523
28926
28927
30220
34309
41838
47402
18280
43165
1534
21681
28528
28529
1544
1545
1546
1549
6484
6485
6486
7230
7680
17502
19697
26921
37335
47524
49351
49352
52222
1555
6434
6436
13862
28318
28319
28320
42001
48052
8500
12712
27287
24742
24743
1560
1562
1564
1565
1568
1569
1570
1571
1572
1574
1575
1581
1582
1583
1586
1588
1590
1599
1600
1605
1608
1610
1611
1616
1621
2203
6310
6694
6717
7718
8110
8154
8479
8907
9261
9873
10919
11272
12505
12845
13148
13371
13669
13761
13781
13799
14246
14247
14574
14681
15687
15688
16008
16062
16063
16064
16065
16090
16739
16740
17504
17892
19022
19035
19036
19037
19038
19039
19699
19700
19701
20818
21682
21683
22088
22343
22416
22565
22641
22918
22919
23387
23791
23792
24052
24236
24521
24522
24523
24525
24528
24805
25760
25786
25787
26312
26807
26971
26972
26973
27158
27288
27366
27620
28585
28752
28753
28954
29205
29207
29208
29209
29271
29273
29274
29277
29287
29574
29665
30058
30135
30204
30312
30322
30795
30863
31031
31161
31565
31566
32197
32660
33085
33139
33250
33251
33319
33703
33784
33852
33877
33899
33900
34403
35153
35381
35420
36486
36487
36531
36966
36984
37036
37084
37784
38005
38037
39062
39222
39240
39338
39892
40302
41134
41405
42073
42446
43638
44049
44593
44694
45020
45946
45949
46601
46603
46892
47421
48279
48280
48866
49550
51227
51251
51350
52010
52253
52254
52258
52259
52280
52313
52314
52379
52627
53072
53109
53133
53134
53135
53138
53139
53140
53141
53184
53321
53443
53581
53638
53766
53903
54322
54324
54407
54408
54635
54718
55470
55471
55541
55610
56427
56996
57195
57648
57824
57983
58465
58503
58638
58802
58857
59201
59674
59695
59963
60254
60255
60830
60832
60836
60844
60857
60863
60909
60981
61007
61131
61138
61146
61150
61156
61189
61503
61504
61523
61611
61657
61667
61673
61696
61697
61698
61699
61708
61765
61778
61779
61780
61781
61782
61797
61835
61870
61917
61931
62004
62005
62008
62065
62150
62159
62376
62377
62378
62496
62678
62679
62722
62735
62753
62832
62898
62972
62975
63017
63050
63178
63179
63180
63311
63325
63326
63327
63409
63554
63734
63743
63744
63745
63746
63933
63939
64004
64344
64374
64380
64489
64526
64527
64528
64568
64860
64993
64994
65029
65048
65180
65270
65770
65771
65895
66023
66170
66193
66514
66981
67174
67491
67970
67971
68999
69061
69697
69994
70146
70239
70691
70841
71036
71508
71835
71964
