1
2
4
5
6
7
8
9
10
11
12
13
15
16
18
19
20
21
22
23
24
33
34
35
36
38
39
40
43
45
46
47
48
50
51
52
53
54
55
56
57
58
59
60
61
62
63
64
66
67
68
69
71
72
73
74
75
76
78
79
80
81
82
83
84
85
86
88
91
97
101
102
103
104
106
108
109
110
111
112
117
118
119
120
121
122
125
126
127
129
130
131
133
135
138
139
142
143
144
146
147
148
149
152
153
154
155
156
157
158
159
160
161
162
163
164
165
166
167
168
170
171
176
177
178
179
180
181
184
185
186
187
188
189
190
191
192
193
195
196
197
198
199
200
201
203
206
207
208
209
211
212
213
214
215
216
217
218
219
220
222
225
226
229
230
231
232
233
234
235
236
237
238
239
241
243
244
245
246
248
249
250
252
254
255
256
258
259
260
261
262
264
265
266
267
268
269
271
273
274
275
277
278
279
280
281
282
283
284
285
286
290
291
293
294
295
299
300
301
304
305
306
311
312
314
315
316
317
328
330
331
332
333
334
335
336
339
340
345
346
347
348
349
350
351
352
354
356
357
362
363
365
367
368
372
374
375
376
377
378
379
380
381
382
383
386
388
389
390
391
392
393
394
397
398
399
400
402
403
405
406
408
409
410
411
412
413
414
416
417
418
419
420
421
424
425
426
427
428
429
430
434
435
436
437
438
439
440
441
442
444
445
446
448
449
450
452
453
454
455
456
457
458
460
461
462
463
464
465
466
468
469
471
472
473
474
475
476
477
478
480
483
484
485
488
489
490
493
494
495
496
497
498
499
500
501
504
505
506
507
508
509
510
511
512
515
517
518
519
520
522
523
524
525
527
528
529
531
532
534
535
536
537
538
539
540
541
542
543
544
545
547
548
550
551
552
553
554
555
558
559
560
561
562
564
565
566
567
568
569
570
571
572
573
574
575
577
578
579
580
581
582
584
585
586
587
588
589
590
591
592
593
594
595
596
598
599
600
601
603
604
605
607
609
610
613
614
616
617
619
620
625
628
629
630
631
632
633
636
638
639
640
641
642
643
644
645
646
652
654
655
656
657
659
660
661
662
663
664
665
666
668
669
670
671
672
673
674
675
676
677
678
679
682
683
684
685
686
687
688
690
691
692
693
694
695
696
697
698
699
700
702
703
704
705
706
707
708
710
713
714
715
716
717
718
719
720
721
722
723
724
725
726
727
728
730
731
732
734
735
736
737
738
739
740
741
744
745
746
747
749
750
751
752
753
754
755
757
759
760
762
764
766
767
768
770
771
772
773
775
777
778
782
784
785
786
787
788
789
790
791
793
798
799
800
802
803
807
808
809
812
813
814
816
817
818
821
822
823
824
826
827
829
831
832
833
834
835
837
838
839
840
841
842
843
844
845
846
848
850
854
855
856
857
861
862
864
865
866
867
868
869
870
871
872
873
875
876
877
879
880
882
883
884
885
886
890
891
893
894
895
896
897
900
903
904
906
907
908
909
915
917
921
922
923
924
925
926
927
928
929
930
932
933
934
936
940
941
942
961
963
965
966
967
968
972
973
974
975
978
979
980
981
982
986
987
989
990
991
992
993
997
998
1000
1001
1002
1003
1004
1005
1006
1007
1008
1009
1010
1011
1012
1013
1014
1017
1019
1020
1021
1022
1023
1025
1027
1028
1029
1030
1031
1032
1036
1038
1039
1040
1041
1042
1044
1045
1046
1047
1048
1049
1051
1052
1053
1054
1055
1056
1057
1060
1062
1065
1066
1067
1068
1069
1074
1078
1080
1083
1085
1086
1090
1095
1096
1097
1098
1099
1100
1101
1102
1103
1108
1110
1111
1112
1113
1115
1118
1119
1120
1121
1124
1127
1128
1129
1130
1131
1136
1139
1140
1141
1142
1145
1146
1147
1151
1152
1155
1157
1158
1159
1160
1161
1162
1167
1168
1171
1172
1173
1177
1181
1182
1183
1184
1185
1186
1187
1189
1191
1192
1193
1194
1195
1196
1197
1199
1200
1202
1205
1206
1207
1208
1209
1210
1211
1216
1219
1220
1221
1222
1223
1224
1225
1226
1227
1228
1229
1230
1231
1233
1236
1237
1238
1242
1243
1244
1247
1248
1249
1253
1256
1257
1259
1262
1263
1264
1265
1267
1268
1270
1271
1272
1274
1275
1276
1277
1279
1280
1281
1283
1284
1286
1288
1289
1291
1292
1293
1294
1297
1298
1300
1301
1302
1305
1309
1311
1312
1313
1314
1315
1318
1320
1322
1325
1326
1327
1328
1329
1330
1331
1334
1335
1336
1337
1338
1339
1340
1341
1345
1348
1350
1351
1353
1354
1355
1356
1358
1362
1364
1365
1368
1370
1371
1372
1373
1374
1380
1381
1382
1384
1388
1389
1390
1392
1393
1395
1397
1398
1400
1402
1403
1404
1405
1409
1410
1411
1412
1413
1416
1419
1420
1422
1423
1424
1425
1426
1427
1429
1432
1439
1440
1441
1442
1445
1452
1453
1454
1455
1456
1457
1458
1459
1460
1461
1462
1463
1467
1468
1469
1470
1471
1475
1476
1478
1481
1483
1484
1486
1488
1489
1493
1496
1498
1503
1504
1506
1507
1508
1509
1510
1511
1512
1513
1514
1515
1516
1517
1518
1519
1520
1523
1532
1533
1534
1535
1536
1537
1539
1540
1541
1542
1543
1547
1548
1549
1550
1558
1563
1564
1565
1567
1568
1574
1578
1580
1585
1586
1590
1594
1599
1600
1601
1602
1605
1609
1610
1619
1621
1622
1624
1625
1626
1628
1629
1633
1634
1635
1637
1640
1641
1642
1643
1644
1646
1648
1650
1651
1652
1655
1656
1657
1659
1660
1661
1662
1663
1665
1666
1668
1669
1670
1671
1672
1673
1674
1675
1677
1679
1680
1683
1684
1685
1686
1687
1690
1692
1693
1694
1695
1696
1697
1698
1699
1700
1701
1702
1707
1712
1714
1717
1718
1720
1721
1722
1723
1724
1725
1726
1727
1728
1729
1730
1731
1732
1733
1734
1736
1738
1739
1740
1742
1743
1744
1746
1747
1751
1753
1754
1755
1757
1758
1759
1760
1761
1768
1769
1770
1771
1772
1774
1775
1776
1778
1782
1783
1784
1785
1786
1788
1789
1790
1791
1792
1793
1795
1796
1800
1801
1802
1803
1804
1805
1806
1807
1808
1809
1810
1811
1812
1813
1814
1815
1816
1817
1818
1819
1820
1826
1827
1828
1830
1831
1833
1835
1836
1837
1838
1839
1840
1841
1842
1843
1844
1846
1848
1849
1850
1853
1854
1855
1856
1857
1858
1859
1860
1861
1862
1863
1864
1866
1869
1870
1872
1873
1875
1877
1878
1879
1880
1881
1882
1884
1885
1886
1888
1893
1895
1896
1899
1900
1901
1902
1903
1910
1912
1916
1917
1918
1921
1922
1923
1924
1925
1926
1927
1928
1929
1930
1931
1932
1934
1935
1936
1938
1939
1940
1941
1944
1945
1946
1947
1948
1949
1954
1955
1958
1959
1961
1962
1963
1964
1965
1966
1967
1968
1969
1970
1972
1974
1976
1977
1978
1982
1983
1984
1985
1986
1988
1992
1993
1994
2000
2001
2002
2003
2006
2007
2008
2009
2010
2011
2013
2014
2015
2018
2021
2022
2024
2025
2026
2027
2028
2031
2032
2033
2034
2035
2036
2037
2039
2041
2044
2046
2047
2050
2051
2052
2055
2056
2057
2058
2059
2060
2061
2062
2063
2064
2065
2066
2068
2069
2071
2072
2073
2074
2075
2076
2077
2078
2079
2080
2082
2083
2084
2085
2086
2087
2088
2090
2093
2094
2096
2098
2099
2100
2106
2108
2111
2112
2113
2114
2115
2116
2117
2118
2119
2120
2121
2122
2123
2124
2125
2126
2127
2129
2131
2132
2133
2134
2135
2136
2137
2139
2140
2142
2143
2144
2145
2146
2147
2148
2149
2150
2151
2152
2156
2157
2159
2161
2162
2163
2164
2165
2168
2169
2170
2171
2172
2173
2174
2175
2176
2177
2178
2179
2180
2181
2183
2184
2185
2186
2187
2188
2190
2191
2192
2195
2198
2199
2201
2204
2206
2212
2213
2216
2217
2220
2221
2222
2223
2224
2225
2226
2228
2229
2230
2231
2240
2242
2243
2244
2248
2249
2250
2251
2260
2261
2262
2263
2267
2268
2269
2270
2271
2272
2273
2274
2275
2276
2277
2279
2284
2287
2289
2291
2293
2299
2301
2302
2303
2307
2309
2310
2311
2313
2314
2315
2316
2317
2319
2320
2325
2326
2327
2328
2330
2331
2333
2334
2335
2338
2339
2340
2341
2342
2343
2344
2345
2346
2347
2349
2353
2354
2355
2356
2357
2358
2360
2361
2363
2365
2366
2367
2368
2374
2375
2376
2377
2378
2379
2380
2381
2382
2383
2384
2389
2390
2391
2393
2395
2396
2398
2400
2401
2404
2406
2410
2411
2412
2414
2416
2417
2418
2422
2423
2424
2426
2427
2428
2429
2431
2432
2433
2434
2435
2437
2438
2439
2440
2441
2442
2443
2444
2445
2447
2448
2449
2450
2451
2452
2454
2455
2456
2457
2458
2464
2465
2466
2467
2468
2469
2470
2473
2474
2477
2478
2479
2480
2482
2488
2490
2491
2492
2493
2494
2495
2497
2498
2499
2500
2501
2503
2504
2506
2507
2508
2509
2510
2511
2512
2513
2514
2515
2516
2519
2520
2523
2525
2526
2528
2529
2530
2531
2532
2533
2534
2535
2536
2537
2538
2539
2540
2541
2542
2544
2547
2551
2552
2553
2559
2569
2570
2571
2572
2574
2577
2578
2579
2580
2582
2584
2590
2591
2592
2593
2594
2595
2596
2600
2601
2602
2604
2609
2615
2616
2618
2619
2621
2623
2624
2626
2627
2628
2631
2633
2634
2635
2636
2638
2640
2641
2642
2643
2645
2647
2649
2650
2651
2652
2653
2655
2657
2658
2659
2663
2664
2665
2666
2667
2670
2671
2672
2673
2674
2675
2676
2677
2682
2683
2686
2687
2690
2693
2696
2703
2708
2713
2714
2720
2725
2726
2729
2732
2733
2734
2736
2738
2741
2742
2745
2750
2751
2754
2756
2762
2763
2764
2769
2770
2771
2779
2781
2782
2783
2793
2798
2800
2807
2812
2815
2816
2821
2822
2823
2824
2827
2830
2831
2832
2834
2835
2836
2840
2851
2853
2860
2861
2873
2875
2876
2878
2885
2886
2888
2890
2894
2895
2897
2904
2905
2906
2907
2908
2909
2924
2929
2936
2943
2948
2951
2953
2954
2955
2956
2957
2958
2959
2960
2961
2964
2969
2970
2971
2972
2973
2974
2975
2976
2977
2978
2979
2980
2981
2982
2983
2985
2988
2989
2992
2993
2995
2997
3001
3011
3012
3013
3014
3015
3025
3026
3038
3039
3044
3045
3049
3050
3055
3059
3068
3071
3076
3077
3078
3080
3082
3084
3087
3088
3090
3092
3093
3096
3097
3098
3099
3109
3122
3127
3131
3133
3134
3143
3144
3149
3150
3152
3161
3168
3175
3186
3187
3188
3189
3190
3193
3194
3196
3197
3202
3203
3204
3213
3217
3221
3225
3226
3228
3229
3230
3241
3244
3246
3247
3248
3249
3250
3251
3252
3262
3263
3266
3286
3287
3298
3299
3300
3302
3303
3308
3312
3313
3314
3316
3322
3323
3332
3333
3335
3336
3337
3338
3340
3341
3342
3344
3345
3346
3347
3348
3349
3359
3360
3362
3363
3364
3372
3378
3380
3381
3382
3383
3386
3387
3389
3390
3394
3398
3399
3407
3410
3411
3413
3416
3417
3421
3422
3423
3424
3425
3426
3427
3428
3429
3430
3431
3432
3433
3434
3435
3436
3437
3438
3439
3440
3441
3442
3447
3453
3457
3458
3459
3460
3462
3469
3480
3482
3483
3484
3485
3486
3487
3488
3489
3490
3491
3492
3493
3494
3496
3498
3499
3500
3501
3502
3504
3505
3512
3514
3519
3521
3522
3523
3524
3526
3528
3530
3531
3535
3536
3548
3560
3566
3568
3571
3581
3582
3587
3590
3591
3592
3593
3594
3595
3596
3603
3611
3615
3616
3617
3625
3628
3630
3631
3634
3637
3640
3647
3651
3659
3663
3664
3665
3666
3667
3668
3669
3670
3671
3672
3674
3675
3677
3678
3679
3683
3716
3725
3737
3740
3744
3749
3755
3756
3770
3771
3772
3773
3777
3781
3785
3786
3787
3796
3797
3798
3800
3806
3809
3810
3812
3819
3820
3821
3823
3824
3825
3826
3829
3839
3840
3843
3844
3849
3850
3853
3860
3861
3862
3863
3864
3866
3868
3873
3876
3877
3878
3884
3885
3886
3890
3891
3893
3894
3895
3901
3905
3907
3908
3911
3913
3915
3916
3919
3920
3922
3923
3924
3925
3926
3927
3928
3929
3930
3931
3941
3942
3944
3945
3948
3951
3954
3962
3967
3973
3975
3977
3978
3981
3982
3990
3995
3997
3998
4001
4002
4004
4015
4021
4024
4027
4028
4032
4033
4034
4035
4044
4045
4047
4048
4049
4052
4057
4060
4062
4064
4069
4071
4073
4074
4075
4076
4077
4078
4081
4083
4084
4085
4086
4088
4089
4092
4093
4095
4100
4103
4104
4105
4106
4115
4120
4127
4130
4131
4132
4133
4134
4135
4137
4138
4139
4140
4147
4148
4149
4150
4154
4162
4164
4165
4167
4176
4186
4187
4189
4192
4204
4225
4226
4228
4229
4231
4237
4238
4242
4243
4246
4247
4248
4256
4257
4262
4264
4275
4276
4277
4279
4280
4284
4285
4286
4287
4288
4289
4290
4291
4292
4293
4294
4295
4299
4307
4309
4314
4321
4334
4343
4346
4347
4348
4351
4357
4360
4361
4365
4366
4371
4372
4373
4374
4377
4378
4379
4380
4381
4384
4389
4390
4391
4392
4400
4401
4404
4405
4411
4420
4421
4425
4431
4432
4438
4440
4443
4455
4459
4460
4462
4463
4464
4466
4467
4472
4475
4478
4483
4484
4485
4486
4487
4490
4500
4502
4504
4505
4506
4507
4508
4511
4514
4521
4529
4533
4545
4546
4547
4548
4549
4553
4554
4555
4562
4566
4571
4572
4577
4580
4581
4582
4588
4589
4590
4591
4592
4593
4594
4595
4597
4598
4600
4601
4604
4615
4623
4627
4639
4642
4663
4664
4666
4670
4671
4675
4676
4678
4679
4680
4681
4682
4687
4688
4701
4703
4704
4707
4710
4712
4720
4730
4732
4744
4745
4747
4748
4749
4750
4751
4752
4753
4754
4755
4756
4757
4758
4759
4760
4762
4765
4770
4772
4773
4774
4775
4780
4782
4788
4795
4796
4797
4798
4799
4800
4804
4805
4809
4810
4813
4816
4821
4825
4826
4833
4838
4843
4844
4849
4852
4856
4857
4865
4867
4868
4870
4874
4876
4879
4882
4883
4885
4892
4903
4906
4914
4919
4921
4924
4925
4930
4931
4952
4953
4958
4965
4966
4974
4984
4987
4990
4992
4993
4994
4995
4996
4998
4999
5000
5001
5002
5003
5004
5005
5007
5008
5009
5010
5017
5019
5020
5024
5025
5026
5027
5029
5030
5031
5040
5042
5052
5053
5060
5067
5070
5073
5078
5084
5085
5092
5094
5095
5099
5110
5111
5112
5113
5118
5124
5125
5129
5130
5131
5132
5133
5134
5135
5137
5138
5140
5141
5145
5146
5148
5149
5150
5151
5156
5157
5158
5172
5175
5176
5177
5178
5183
5187
5195
5197
5199
5204
5206
5210
5211
5212
5213
5214
5215
5221
5222
5223
5226
5227
5229
5230
5231
5232
5233
5234
5235
5236
5237
5238
5246
5254
5258
5259
5260
5263
5268
5269
5270
5273
5274
5276
5277
5278
5279
5280
5281
5282
5285
5286
5287
5295
5301
5302
5304
5322
5326
5327
5332
5334
5339
5340
5342
5343
5345
5349
5350
5354
5355
5357
5360
5362
5363
5373
5375
5379
5380
5381
5386
5391
5392
5398
5399
5406
5408
5410
5412
5414
5415
5419
5420
5422
5426
5427
5434
5435
5436
5437
5438
5439
5440
5441
5453
5460
5463
5467
5469
5470
5476
5483
5485
5488
5489
5491
5493
5494
5497
5500
5501
5509
5510
5514
5518
5519
5520
5522
5528
5529
5533
5536
5544
5545
5546
5554
5555
5560
5561
5572
5574
5575
5579
5582
5585
5587
5588
5590
5592
5599
5600
5601
5609
5617
5642
5643
5644
5648
5654
5655
5657
5658
5659
5664
5665
5667
5670
5673
5674
5675
5676
5678
5681
5682
5689
5693
5694
5700
5702
5708
5712
5716
5718
5719
5728
5733
5736
5744
5745
5748
5754
5755
5758
5762
5767
5768
5769
5770
5771
5772
5773
5774
5775
5778
5779
5780
5781
5784
5790
5794
5802
5804
5806
5808
5810
5813
5817
5818
5819
5820
5824
5835
5836
5837
5839
5842
5847
5850
5861
5865
5872
5873
5875
5879
5882
5883
5886
5887
5888
5890
5897
5901
5904
5906
5912
5922
5927
5931
5938
5945
5951
5961
5963
5965
5970
5971
5972
5979
5980
5981
5982
5983
5985
5986
5987
5988
5990
5992
5993
5998
5999
6001
6003
6011
6012
6013
6014
6018
6020
6022
6024
6025
6026
6031
6042
6044
6045
6064
6072
6084
6085
6087
6090
6094
6095
6096
6103
6104
6106
6107
6112
6113
6118
6119
6128
6130
6132
6136
6139
6171
6174
6194
6206
6207
6216
6217
6218
6219
6220
6246
6248
6250
6253
6265
6266
6267
6272
6273
6277
6278
6289
6290
6296
6297
6300
6302
6306
6317
6320
6321
6322
6323
6329
6334
6338
6339
6340
6342
6344
6345
6346
6347
6348
6352
6355
6356
6357
6360
6361
6362
6365
6367
6372
6380
6381
6385
6393
6398
6399
6400
6401
6414
6415
6418
6422
6423
6424
6425
6426
6427
6428
6429
6430
6432
6433
6434
6436
6439
6448
6450
6451
6453
6458
6461
6462
6474
6480
6482
6483
6488
6493
6494
6495
6496
6497
6498
6499
6500
6501
6502
6503
6504
6505
6507
6510
6513
6524
6525
6529
6535
6536
6537
6538
6539
6543
6544
6549
6550
6552
6553
6554
6555
6556
6560
6563
6575
6576
6577
6578
6581
6584
6585
6587
6588
6592
6593
6598
6604
6626
6629
6630
6635
6638
6656
6659
6669
6670
6671
6672
6673
6674
6675
6676
6677
6678
6679
6680
6681
6682
6684
6685
6686
6687
6688
6689
6690
6691
6692
6693
6694
6695
6696
6697
6701
6702
6711
6713
6716
6718
6719
6720
6721
6726
6728
6733
6734
6740
6741
6742
6747
6750
6752
6765
6767
6770
6771
6774
6776
6777
6778
6779
6780
6781
6782
6783
6784
6785
6786
6787
6788
6789
6790
6791
6792
6794
6805
6812
6815
6837
6838
6839
6840
6841
6842
6844
6851
6867
6871
6873
6874
6875
6876
6877
6883
6885
6886
6888
6892
6893
6894
6900
6904
6915
6916
6921
6923
6924
6925
6928
6929
6930
6931
6937
6949
6950
6951
6972
6976
6980
6986
6987
6988
6993
7011
7013
7020
7021
7022
7032
7040
7041
7042
7047
7048
7049
7052
7054
7055
7063
7069
7071
7073
7074
7076
7082
7090
7097
7098
7099
7109
7114
7119
7124
7126
7133
7134
7141
7142
7158
7160
7161
7166
7169
7173
7177
7180
7182
7187
7216
7217
7218
7219
7220
7226
7227
7230
7232
7240
7245
7246
7262
7263
7264
7265
7267
7269
7271
7273
7274
7275
7276
7277
7278
7283
7288
7291
7297
7311
7320
7327
7332
7338
7341
7345
7346
7347
7354
7358
7359
7363
7367
7370
7372
7377
7396
7402
7403
7404
7406
7414
7425
7426
7427
7428
7432
7433
7449
7455
7465
7466
7471
7474
7481
7485
7486
7498
7500
7502
7515
7522
7525
7533
7535
7541
7542
7550
7551
7553
7554
7561
7563
7566
7567
7568
7569
7570
7573
7574
7576
7579
7580
7581
7582
7583
7584
7585
7586
7587
7588
7589
7590
7591
7592
7593
7594
7597
7598
7600
7604
7609
7611
7614
7615
7616
7617
7618
7619
7620
7621
7622
7623
7625
7626
7627
7628
7629
7638
7641
7643
7646
7648
7650
7652
7653
7658
7660
7662
7663
7664
7666
7667
7670
7671
7674
7677
7684
7686
7690
7692
7693
7697
7699
7700
7705
7706
7736
7737
7740
7741
7746
7747
7748
7755
7772
7773
7775
7795
7803
7806
7816
7820
7821
7826
7829
7833
7834
7835
7836
7839
7845
7847
7854
7855
7856
7861
7862
7863
7864
7865
7866
7868
7872
7873
7874
7875
7878
7882
7883
7884
7887
7889
7893
7907
7911
7914
7915
7927
7929
7930
7934
7938
7981
7985
7988
7989
7990
7991
7992
7993
7994
7995
8005
8012
8020
8021
8025
8032
8034
8035
8045
8048
8053
8057
8060
8069
8071
8072
8076
8078
8081
8082
8083
8085
8086
8087
8088
8092
8093
8094
8096
8097
8102
8116
8125
8126
8127
8128
8136
8146
8147
8151
8153
8157
8161
8167
8168
8169
8171
8183
8185
8194
8197
8199
8204
8205
8207
8210
8214
8215
8220
8223
8224
8225
8228
8231
8235
8240
8242
8243
8246
8247
8248
8249
8250
8251
8252
8256
8257
8259
8262
8264
8273
8274
8275
8276
8277
8278
8281
8283
8284
8285
8291
8292
8293
8300
8301
8303
8308
8309
8315
8317
8318
8319
8320
8325
8326
8328
8336
8337
8338
8340
8341
8342
8344
8345
8350
8351
8355
8358
8362
8367
8368
8381
8384
8385
8387
8389
8390
8395
8401
8406
8408
8411
8415
8416
8417
8424
8427
8428
8432
8433
8434
8435
8439
8440
8441
8445
8447
8448
8455
8458
8459
8460
8464
8465
8466
8468
8469
8470
8471
8472
8473
8474
8475
8477
8484
8487
8488
8492
8493
8494
8499
8507
8513
8516
8517
8518
8522
8528
8538
8544
8552
8553
8554
8555
8556
8562
8563
8566
8567
8568
8572
8576
8577
8582
8583
8584
8585
8586
8587
8591
8592
8593
8594
8595
8597
8598
8599
8600
8601
8602
8603
8604
8609
8615
8619
8628
8639
8641
8645
8648
8652
8653
8655
8656
8657
8660
8668
8673
8674
8676
8677
8679
8688
8711
8717
8720
8721
8722
8727
8736
8737
8740
8744
8745
8746
8751
8752
8755
8756
8771
8775
8780
8781
8782
8786
8787
8792
8794
8808
8809
8820
8824
8825
8859
8861
8863
8865
8867
8868
8871
8872
8874
8884
8885
8894
8895
8898
8908
8913
8919
8924
8929
8930
8931
8932
8933
8948
8949
8951
8953
8957
8961
8972
8974
8981
8983
8985
8986
8987
8988
9004
9006
9009
9010
9011
9012
9013
9014
9015
9016
9017
9018
9019
9022
9028
9031
9032
9033
9034
9035
9036
9039
9041
9057
9058
9062
9063
9066
9067
9069
9078
9079
9083
9084
9085
9086
9087
9088
9089
9090
9091
9094
9109
9111
9123
9124
9128
9129
9130
9145
9148
9161
9166
9185
9186
9187
9189
9192
9194
9195
9201
9202
9204
9205
9206
9207
9209
9210
9211
9215
9218
9221
9222
9223
9231
9234
9235
9258
9260
9263
9264
9265
9266
9267
9268
9269
9270
9271
9272
9273
9274
9283
9284
9285
9286
9289
9294
9297
9308
9309
9310
9312
9330
9338
9339
9341
9358
9360
9361
9362
9378
9381
9382
9385
9386
9387
9390
9392
9398
9399
9403
9406
9407
9408
9410
9415
9416
9419
9420
9422
9429
9434
9452
9454
9459
9460
9484
9485
9492
9495
9496
9501
9508
9509
9515
9518
9521
9522
9525
9526
9537
9543
9546
9547
9548
9549
9550
9551
9552
9553
9554
9556
9560
9568
9572
9575
9576
9577
9595
9596
9599
9604
9609
9612
9616
9622
9625
9628
9639
9648
9657
9658
9659
9663
9664
9665
9666
9670
9672
9681
9686
9687
9688
9690
9693
9698
9699
9702
9705
9706
9707
9708
9711
9724
9725
9726
9735
9736
9738
9743
9744
9745
9746
9747
9748
9749
9750
9751
9753
9754
9755
9756
9757
9758
9760
9771
9773
9774
9775
9781
9792
9794
9803
9804
9805
9806
9814
9815
9818
9823
9827
9834
9839
9842
9845
9846
9849
9853
9854
9855
9856
9859
9865
9868
9869
9878
9879
9882
9887
9888
9894
9898
9900
9918
9922
9923
9925
9943
9945
9949
9982
9998
10029
10049
10059
10062
10084
10094
10100
10103
10104
10105
10116
10117
10118
10149
10152
10156
10157
10167
10168
10197
10202
10209
10210
10211
10212
10218
10219
10220
10228
10232
10237
10241
10249
10265
10266
10267
10303
10333
10334
10335
10342
10343
10349
10351
10352
10371
10373
10376
10407
10409
10410
10411
10415
10419
10420
10437
10439
10442
10444
10445
10452
10463
10468
10470
10471
10473
10474
10476
10477
10478
10479
10487
10493
10496
10500
10507
10511
10524
10541
10547
10548
10550
10551
10552
10556
10557
10564
10565
10579
10585
10586
10587
10595
10605
10623
10625
10633
10644
10645
10647
10656
10663
10674
10677
10687
10688
10697
10698
10699
10701
10702
10705
10706
10707
10713
10714
10715
10725
10728
10739
10740
10741
10766
10774
10782
10787
10791
10792
10797
10798
10805
10813
10816
10823
10827
10829
10830
10831
10832
10834
10843
10852
10853
10854
10856
10862
10864
10865
10866
10869
10876
10887
10888
10894
10900
10901
10902
10910
10911
10912
10913
10915
10916
10917
10918
10919
10920
10921
10922
10923
10924
10925
10926
10927
10928
10929
10930
10931
10932
10933
10934
10935
10936
10937
10938
10944
10946
10947
10960
10962
10974
10976
10982
10991
10994
11001
11008
11009
11010
11011
11013
11014
11015
11017
11021
11025
11026
11038
11044
11077
11078
11081
11082
11089
11090
11093
11101
11103
11105
11110
11113
11118
11123
11124
11125
11126
11138
11141
11144
11145
11146
11150
11152
11161
11164
11171
11175
11177
11180
11181
11182
11185
11192
11193
11194
11195
11199
11201
11203
11210
11227
11228
11229
11236
11240
11243
11244
11248
11250
11251
11254
11255
11257
11258
11259
11260
11261
11262
11263
11266
11270
11275
11279
11286
11287
11288
11295
11296
11297
11298
11302
11310
11316
11317
11319
11321
11322
11324
11326
11343
11344
11351
11352
11358
11360
11363
11364
11366
11370
11377
11380
11395
11396
11397
11399
11400
11401
11403
11405
11420
11425
11429
11434
11435
11436
11441
11442
11444
11445
11446
11448
11449
11463
11471
11479
11495
11497
11498
11515
11516
11517
11520
11521
11523
11526
11529
11531
11532
11533
11534
11535
11536
11537
11538
11539
11541
11542
11543
11544
11546
11547
11551
11556
11566
11568
11571
11595
11598
11606
11607
11609
11610
11611
11612
11613
11630
11631
11632
11633
11634
11636
11646
11647
11648
11649
11650
11651
11652
11653
11654
11656
11657
11658
11659
11660
11661
11662
11663
11664
11665
11666
11667
11668
11669
11671
11675
11676
11678
11679
11681
11682
11683
11684
11685
11686
11687
11688
11689
11690
11691
11692
11693
11694
11697
11698
11699
11700
11702
11703
11704
11705
11707
11709
11712
11713
11714
11717
11718
11719
11720
11721
11722
11723
11724
11725
11728
11729
11730
11731
11732
11733
11734
11737
11742
11745
11749
11752
11756
11760
11762
11764
11766
11767
11768
11769
11770
11772
11773
11774
11775
11780
11784
11785
11786
11787
11789
11791
11792
11793
11794
11795
11797
11798
11799
11800
11801
11802
11803
11804
11805
11806
11807
11808
11809
11810
11811
11812
11813
11814
11817
11818
11819
11820
11821
11822
11823
11824
11826
11836
11837
11838
11839
11840
11841
11842
11849
11851
11852
11857
11858
11859
11865
11867
11878
11879
11887
11890
11891
11892
11893
11894
11895
11896
11899
11902
11903
11905
11906
11908
11910
11926
11927
11928
11929
11930
11931
11932
11942
11952
11953
11954
11955
11956
11964
11968
11969
11970
11971
11972
11973
11974
11976
11977
11978
11979
11980
11981
11982
11983
11985
11987
11988
11989
11990
11991
11992
11993
11994
11995
11996
11997
11998
11999
12000
12001
12002
12003
12004
12005
12006
12008
12010
12011
12012
12013
12015
12016
12017
12018
12019
12020
12021
12022
12023
12024
12025
12026
12027
12029
12030
12031
12032
12033
12037
12038
12045
12046
12048
12049
12062
12063
12068
12069
12070
12071
12072
12091
12092
12094
12095
12096
12097
12104
12107
12111
12113
12120
12128
12129
12130
12131
12132
12133
12134
12135
12136
12137
12138
12139
12140
12142
12143
12144
12145
12146
12147
12148
12149
12150
12151
12152
12153
12159
12160
12164
12167
12168
12178
12184
12187
12189
12197
12199
12210
12212
12214
12220
12221
12225
12226
12227
12232
12233
12234
12235
12236
12237
12238
12239
12252
12253
12260
12262
12265
12266
12267
12272
12284
12286
12288
12289
12295
12297
12302
12303
12304
12305
12306
12307
12309
12314
12315
12316
12317
12318
12319
12332
12338
12343
12344
12345
12346
12351
12352
12353
12354
12355
12362
12365
